8.373474591104467235e-01
-2.407175985535774110e-01
-5.762137234450561696e-01
5.748317307358953299e-01
-3.494603499653401446e-01
4.730826757949774253e-01
-3.796707371168416278e-01
3.347002928044672254e-01
-1.516225737574772525e+00
1.441733068659913242e+00
-6.192311933740078933e-01
-5.887562071646925688e-01
7.185763973781631453e-01
6.918688652254735283e-01
-3.604466222273699505e-01
4.760329688556930172e-01
-6.171321272697048999e-01
4.726225818368377796e-02
1.559825464106506243e-01
-9.324752972044025867e-01
-1.101759003407259296e+00
9.707183474017710978e-01
-1.224193633090070232e+00
2.364849572255138366e+00
4.159030515322718058e-01
7.246101723610984813e-01
9.667470402257494211e-01
-8.022055568997709107e-01
5.114493884436565052e-01
-7.048162816720731083e-01
2.464747986355045328e-02
-8.273729458753387167e-01
-8.733396235777687311e-01
1.270909339867405619e+00
1.205187238879137146e+00
3.635100564825684000e-01
-1.634174754518578299e+00
9.535100932617469605e-01
6.603533900243170329e-01
-8.204363324984861316e-01
2.444568743329628813e+00
-1.407793001477015693e+00
-1.584158689252780361e+00
-1.467802753385779591e+00
